  0
SECTION
  2
BLOCKS
  0
ENDSEC
  0
SECTION
  2
ENTITIES
  0
LINE
  8
0
 10
-2
 20
0
 11
-1.98423
 21
-0.250666
  0
LINE
  8
0
 10
-1.98423
 20
-0.250666
 11
-1.93717
 21
-0.497379
  0
LINE
  8
0
 10
-1.93717
 20
-0.497379
 11
-1.85955
 21
-0.736249
  0
LINE
  8
0
 10
-1.85955
 20
-0.736249
 11
-1.75261
 21
-0.963507
  0
LINE
  8
0
 10
-1.75261
 20
-0.963507
 11
-1.61803
 21
-1.17557
  0
LINE
  8
0
 10
-1.61803
 20
-1.17557
 11
-1.45794
 21
-1.36909
  0
LINE
  8
0
 10
-1.45794
 20
-1.36909
 11
-1.27485
 21
-1.54103
  0
LINE
  8
0
 10
-1.27485
 20
-1.54103
 11
-1.07165
 21
-1.68865
  0
LINE
  8
0
 10
-1.07165
 20
-1.68865
 11
-0.851558
 21
-1.80965
  0
LINE
  8
0
 10
-0.851558
 20
-1.80965
 11
-0.618033
 21
-1.90211
  0
LINE
  8
0
 10
-0.618033
 20
-1.90211
 11
-0.374763
 21
-1.96457
  0
LINE
  8
0
 10
-0.374763
 20
-1.96457
 11
-0.125581
 21
-1.99605
  0
LINE
  8
0
 10
-0.125581
 20
-1.99605
 11
0.125581
 21
-1.99605
  0
LINE
  8
0
 10
0.125581
 20
-1.99605
 11
0.374763
 21
-1.96457
  0
LINE
  8
0
 10
0.374763
 20
-1.96457
 11
0.618033
 21
-1.90211
  0
LINE
  8
0
 10
0.618033
 20
-1.90211
 11
0.851558
 21
-1.80965
  0
LINE
  8
0
 10
0.851558
 20
-1.80965
 11
1.07165
 21
-1.68865
  0
LINE
  8
0
 10
1.07165
 20
-1.68865
 11
1.27485
 21
-1.54103
  0
LINE
  8
0
 10
1.27485
 20
-1.54103
 11
1.45794
 21
-1.36909
  0
LINE
  8
0
 10
1.45794
 20
-1.36909
 11
1.61803
 21
-1.17557
  0
LINE
  8
0
 10
1.61803
 20
-1.17557
 11
1.75261
 21
-0.963507
  0
LINE
  8
0
 10
1.75261
 20
-0.963507
 11
1.85955
 21
-0.736249
  0
LINE
  8
0
 10
1.85955
 20
-0.736249
 11
1.93717
 21
-0.497379
  0
LINE
  8
0
 10
1.93717
 20
-0.497379
 11
1.98423
 21
-0.250666
  0
LINE
  8
0
 10
1.98423
 20
-0.250666
 11
2
 21
0
  0
LINE
  8
0
 10
2
 20
0
 11
1.98423
 21
0.250666
  0
LINE
  8
0
 10
1.98423
 20
0.250666
 11
1.93717
 21
0.497379
  0
LINE
  8
0
 10
1.93717
 20
0.497379
 11
1.85955
 21
0.736249
  0
LINE
  8
0
 10
1.85955
 20
0.736249
 11
1.75261
 21
0.963507
  0
LINE
  8
0
 10
1.75261
 20
0.963507
 11
1.61803
 21
1.17557
  0
LINE
  8
0
 10
1.61803
 20
1.17557
 11
1.45794
 21
1.36909
  0
LINE
  8
0
 10
1.45794
 20
1.36909
 11
1.27485
 21
1.54103
  0
LINE
  8
0
 10
1.27485
 20
1.54103
 11
1.07165
 21
1.68865
  0
LINE
  8
0
 10
1.07165
 20
1.68865
 11
0.851558
 21
1.80965
  0
LINE
  8
0
 10
0.851558
 20
1.80965
 11
0.618033
 21
1.90211
  0
LINE
  8
0
 10
0.618033
 20
1.90211
 11
0.374763
 21
1.96457
  0
LINE
  8
0
 10
0.374763
 20
1.96457
 11
0.125581
 21
1.99605
  0
LINE
  8
0
 10
0.125581
 20
1.99605
 11
-0.125581
 21
1.99605
  0
LINE
  8
0
 10
-0.125581
 20
1.99605
 11
-0.374763
 21
1.96457
  0
LINE
  8
0
 10
-0.374763
 20
1.96457
 11
-0.618033
 21
1.90211
  0
LINE
  8
0
 10
-0.618033
 20
1.90211
 11
-0.851558
 21
1.80965
  0
LINE
  8
0
 10
-0.851558
 20
1.80965
 11
-1.07165
 21
1.68865
  0
LINE
  8
0
 10
-1.07165
 20
1.68865
 11
-1.27485
 21
1.54103
  0
LINE
  8
0
 10
-1.27485
 20
1.54103
 11
-1.45794
 21
1.36909
  0
LINE
  8
0
 10
-1.45794
 20
1.36909
 11
-1.61803
 21
1.17557
  0
LINE
  8
0
 10
-1.61803
 20
1.17557
 11
-1.75261
 21
0.963507
  0
LINE
  8
0
 10
-1.75261
 20
0.963507
 11
-1.85955
 21
0.736249
  0
LINE
  8
0
 10
-1.85955
 20
0.736249
 11
-1.93717
 21
0.497379
  0
LINE
  8
0
 10
-1.93717
 20
0.497379
 11
-1.98423
 21
0.250666
  0
LINE
  8
0
 10
-1.98423
 20
0.250666
 11
-2
 21
0
  0
ENDSEC
  0
SECTION
  2
OBJECTS
  0
DICTIONARY
  0
ENDSEC
  0
EOF
